Weights: [[-0.3984720768797543, 0.7432568291768868, -2.044421357881799, -0.8613031766664605], [0.32594681970549627, -0.33095828848431197, 0.02091040972333411, -0.8821423197763026], [0.07252525717426017, -0.41229854069257565, 2.023510948158465, 1.7434454964427626]]
Intercept: [8.262670454956522, 2.067583528537203, -10.330253983493838]
